[id][cost,state,father_id,action,depth,h,value]
[0],[0,(0,0),None,None,0,40,1.0]
[1],[2,(0,1),0,E,1,39,0.5]
[3],[6,(1,1),1,S,2,38,0.3333333333333333]
[6],[9,(1,2),3,E,3,37,0.25]
[7],[10,(0,2),6,N,4,38,0.2]
[9],[14,(0,3),7,E,5,37,0.16666666666666666]
[12],[18,(1,3),9,S,6,36,0.14285714285714285]
[21],[19,(2,3),12,S,7,35,0.125]
[40],[21,(2,4),21,E,8,34,0.1111111111111111]
[67],[22,(3,4),40,S,9,33,0.1]
[70],[24,(3,5),67,E,10,32,0.09090909090909091]
[81],[28,(4,5),70,S,11,31,0.08333333333333333]
[85],[29,(5,5),81,S,12,30,0.07692307692307693]
[120],[32,(6,5),85,S,13,29,0.07142857142857142]
[122],[36,(6,4),120,O,14,30,0.06666666666666667]
[124],[39,(7,4),122,S,15,29,0.0625]
[128],[40,(7,3),124,O,16,30,0.058823529411764705]
[131],[41,(8,3),128,S,17,29,0.05555555555555555]
[134],[43,(9,3),131,S,18,28,0.05263157894736842]
[138],[44,(10,3),134,S,19,27,0.05]
[160],[46,(10,4),138,E,20,26,0.047619047619047616]
[165],[47,(9,4),160,N,21,27,0.045454545454545456]
[168],[51,(9,5),165,E,22,26,0.043478260869565216]
[170],[55,(9,6),168,E,23,25,0.041666666666666664]
[172],[59,(10,6),170,S,24,24,0.04]
[175],[63,(10,7),172,E,25,23,0.038461538461538464]
[176],[66,(10,8),175,E,26,22,0.037037037037037035]
[179],[70,(10,9),176,E,27,21,0.03571428571428571]
[183],[72,(11,9),179,S,28,20,0.034482758620689655]
[214],[73,(12,9),183,S,29,19,0.03333333333333333]
[246],[76,(12,10),214,E,30,18,0.03225806451612903]
[247],[80,(11,10),246,N,31,19,0.03125]
[249],[82,(11,11),247,E,32,18,0.030303030303030304]
[251],[86,(11,12),249,E,33,17,0.029411764705882353]
[254],[89,(11,13),251,E,34,16,0.02857142857142857]
[257],[92,(11,14),254,E,35,15,0.027777777777777776]
[260],[95,(11,15),257,E,36,14,0.02702702702702703]
[443],[98,(12,15),260,S,37,13,0.02631578947368421]
[446],[101,(12,16),443,E,38,12,0.02564102564102564]
[451],[103,(12,17),446,E,39,11,0.025]
[453],[107,(11,17),451,N,40,12,0.024390243902439025]
[455],[109,(10,17),453,N,41,13,0.023809523809523808]
[458],[112,(9,17),455,N,42,14,0.023255813953488372]
[461],[115,(9,18),458,E,43,13,0.022727272727272728]
[474],[116,(8,18),461,N,44,14,0.022222222222222223]
[478],[120,(7,18),474,N,45,15,0.021739130434782608]
[480],[121,(6,18),478,N,46,16,0.02127659574468085]
[483],[122,(6,19),480,E,47,15,0.020833333333333332]
[486],[125,(5,19),483,N,48,16,0.02040816326530612]
[490],[129,(5,20),486,E,49,15,0.02]
[495],[130,(5,21),490,E,50,16,0.0196078431372549]
[497],[133,(6,21),495,S,51,15,0.019230769230769232]
[500],[137,(7,21),497,S,52,14,0.018867924528301886]
[502],[141,(7,22),500,E,53,15,0.018518518518518517]
[505],[143,(7,23),502,E,54,16,0.01818181818181818]
[511],[147,(7,24),505,E,55,17,0.017857142857142856]
[513],[150,(6,24),511,N,56,18,0.017543859649122806]
[517],[153,(5,24),513,N,57,19,0.017241379310344827]
[519],[154,(4,24),517,N,58,20,0.01694915254237288]
[523],[155,(4,25),519,E,59,21,0.016666666666666666]
[570],[159,(4,26),523,E,60,22,0.01639344262295082]
[572],[160,(3,26),570,N,61,23,0.016129032258064516]
[574],[161,(3,27),572,E,62,24,0.015873015873015872]
[582],[162,(3,28),574,E,63,25,0.015625]
[584],[166,(3,29),582,E,64,26,0.015384615384615385]
[587],[168,(2,29),584,N,65,27,0.015151515151515152]
[591],[171,(2,30),587,E,66,28,0.014925373134328358]
[623],[172,(2,31),591,E,67,29,0.014705882352941176]
[628],[175,(1,31),623,N,68,30,0.014492753623188406]
[631],[178,(0,31),628,N,69,31,0.014285714285714285]
[633],[179,(0,32),631,E,70,32,0.014084507042253521]
[635],[182,(0,33),633,E,71,33,0.013888888888888888]
[637],[186,(1,33),635,S,72,32,0.0136986301369863]
[640],[189,(1,34),637,E,73,33,0.013513513513513514]
[642],[190,(1,35),640,E,74,34,0.013333333333333334]
[645],[193,(1,36),642,E,75,35,0.013157894736842105]
[648],[196,(1,37),645,E,76,36,0.012987012987012988]
[654],[199,(2,37),648,S,77,35,0.01282051282051282]
[657],[201,(2,38),654,E,78,36,0.012658227848101266]
[659],[205,(2,39),657,E,79,37,0.0125]
[662],[209,(3,39),659,S,80,36,0.012345679012345678]
[702],[213,(3,40),662,E,81,37,0.012195121951219513]
[703],[215,(3,41),702,E,82,38,0.012048192771084338]
[705],[216,(4,41),703,S,83,37,0.011904761904761904]
[710],[217,(4,40),705,O,84,36,0.011764705882352941]
[712],[219,(5,40),710,S,85,35,0.011627906976744186]
[715],[220,(5,39),712,O,86,34,0.011494252873563218]
[717],[223,(6,39),715,S,87,33,0.011363636363636364]
[719],[227,(6,38),717,O,88,32,0.011235955056179775]
[722],[229,(6,37),719,O,89,31,0.011111111111111112]
[732],[233,(7,37),722,S,90,30,0.01098901098901099]
[735],[234,(8,37),732,S,91,29,0.010869565217391304]
[738],[236,(8,36),735,O,92,28,0.010752688172043012]
[740],[240,(9,36),738,S,93,27,0.010638297872340425]
[743],[241,(9,35),740,O,94,26,0.010526315789473684]
[745],[244,(9,34),743,O,95,25,0.010416666666666666]
[746],[248,(8,34),745,N,96,26,0.010309278350515464]
[750],[249,(8,33),746,O,97,25,0.01020408163265306]
[753],[252,(8,32),750,O,98,24,0.010101010101010102]
[756],[255,(8,31),753,O,99,23,0.01]
[784],[258,(9,31),756,S,100,22,0.009900990099009901]
[799],[260,(10,31),784,S,101,21,0.00980392156862745]
[802],[262,(10,30),799,O,102,20,0.009708737864077669]
[804],[266,(10,29),802,O,103,19,0.009615384615384616]
[806],[267,(10,28),804,O,104,18,0.009523809523809525]
[808],[270,(11,28),806,S,105,17,0.009433962264150943]
[810],[271,(12,28),808,S,106,16,0.009345794392523364]
[812],[272,(12,29),810,E,107,17,0.009259259259259259]
[815],[275,(13,29),812,S,108,16,0.009174311926605505]
[819],[278,(13,30),815,E,109,17,0.00909090909090909]
[822],[280,(14,30),819,S,110,16,0.009009009009009009]
[830],[283,(14,31),822,E,111,17,0.008928571428571428]
[833],[285,(14,32),830,E,112,18,0.008849557522123894]
[847],[287,(14,33),833,E,113,19,0.008771929824561403]
[850],[290,(13,33),847,N,114,20,0.008695652173913044]
[852],[291,(12,33),850,N,115,21,0.008620689655172414]
[854],[293,(12,34),852,E,116,22,0.008547008547008548]
[858],[294,(13,34),854,S,117,21,0.00847457627118644]
[865],[298,(13,35),858,E,118,22,0.008403361344537815]
[867],[301,(14,35),865,S,119,21,0.008333333333333333]
[875],[302,(14,34),867,O,120,20,0.008264462809917356]
[877],[305,(15,34),875,S,121,19,0.00819672131147541]
[879],[306,(16,34),877,S,122,18,0.008130081300813009]
[881],[308,(16,33),879,O,123,17,0.008064516129032258]
[883],[311,(17,33),881,S,124,16,0.008]
[885],[313,(17,32),883,O,125,15,0.007936507936507936]
[887],[315,(17,31),885,O,126,14,0.007874015748031496]
[889],[319,(18,31),887,S,127,13,0.0078125]
[891],[320,(18,32),889,E,128,14,0.007751937984496124]
[892],[321,(19,32),891,S,129,13,0.007692307692307693]
[895],[325,(19,33),892,E,130,14,0.007633587786259542]
[896],[329,(20,33),895,S,131,13,0.007575757575757576]
[899],[331,(20,34),896,E,132,14,0.007518796992481203]
[900],[334,(19,34),899,N,133,15,0.007462686567164179]
[903],[338,(18,34),900,N,134,16,0.007407407407407408]
[906],[339,(17,34),903,N,135,17,0.007352941176470588]
[910],[341,(17,35),906,E,136,18,0.0072992700729927005]
[912],[345,(17,36),910,E,137,19,0.007246376811594203]
[915],[348,(18,36),912,S,138,18,0.007194244604316547]
[925],[350,(18,37),915,E,139,19,0.007142857142857143]
[927],[352,(18,38),925,E,140,20,0.0070921985815602835]
[933],[356,(17,38),927,N,141,21,0.007042253521126761]
[936],[359,(16,38),933,N,142,22,0.006993006993006993]
[939],[362,(16,39),936,E,143,23,0.006944444444444444]
[948],[364,(15,39),939,N,144,24,0.006896551724137931]
[951],[368,(15,40),948,E,145,25,0.00684931506849315]
[953],[371,(15,41),951,E,146,26,0.006802721088435374]
[956],[372,(15,42),953,E,147,27,0.006756756756756757]
[960],[374,(16,42),956,S,148,26,0.006711409395973154]
[963],[376,(16,43),960,E,149,27,0.006666666666666667]
[965],[377,(16,44),963,E,150,28,0.006622516556291391]
[980],[378,(16,45),965,E,151,29,0.006578947368421052]
[982],[381,(15,45),980,N,152,30,0.006535947712418301]
[985],[383,(15,46),982,E,153,31,0.006493506493506494]
[987],[384,(16,46),985,S,154,30,0.0064516129032258064]
[990],[386,(16,47),987,E,155,31,0.00641025641025641]
[992],[390,(16,48),990,E,156,32,0.006369426751592357]
[994],[392,(15,48),992,N,157,33,0.006329113924050633]
[997],[396,(15,49),994,E,158,34,0.006289308176100629]
[1146],[398,(15,50),997,E,159,35,0.00625]
[1149],[399,(16,50),1146,S,160,34,0.006211180124223602]
[1152],[401,(16,51),1149,E,161,35,0.006172839506172839]
[1154],[402,(17,51),1152,S,162,34,0.006134969325153374]
[1169],[406,(18,51),1154,S,163,33,0.006097560975609756]
[1475],[409,(18,50),1169,O,164,32,0.006060606060606061]
[1476],[410,(17,50),1475,N,165,33,0.006024096385542169]
[1479],[413,(17,49),1476,O,166,32,0.005988023952095809]
[1482],[416,(17,48),1479,O,167,31,0.005952380952380952]
[1484],[417,(18,48),1482,S,168,30,0.005917159763313609]
[1486],[421,(19,48),1484,S,169,29,0.0058823529411764705]
[1550],[425,(20,48),1486,S,170,28,0.005847953216374269]
[1552],[426,(20,49),1550,E,171,29,0.005813953488372093]
[1556],[430,(20,50),1552,E,172,30,0.005780346820809248]
[1561],[431,(21,50),1556,S,173,31,0.005747126436781609]
[1564],[432,(22,50),1561,S,174,32,0.005714285714285714]
[1566],[435,(22,51),1564,E,175,33,0.005681818181818182]
[1579],[438,(23,51),1566,S,176,34,0.005649717514124294]
[1662],[442,(24,51),1579,S,177,35,0.0056179775280898875]
[1672],[443,(24,50),1662,O,178,34,0.00558659217877095]
[1674],[446,(24,49),1672,O,179,33,0.005555555555555556]
[1677],[449,(25,49),1674,S,180,34,0.0055248618784530384]
[1686],[451,(26,49),1677,S,181,35,0.005494505494505495]
[1688],[455,(27,49),1686,S,182,36,0.00546448087431694]
[1697],[456,(28,49),1688,S,183,37,0.005434782608695652]
[1708],[460,(29,49),1697,S,184,38,0.005405405405405406]
[1715],[461,(30,49),1708,S,185,39,0.005376344086021506]
[1822],[465,(30,48),1715,O,186,38,0.0053475935828877]
[1825],[467,(30,47),1822,O,187,37,0.005319148936170213]
[1826],[468,(29,47),1825,N,188,36,0.005291005291005291]
[1830],[469,(29,46),1826,O,189,35,0.005263157894736842]
[1831],[472,(28,46),1830,N,190,34,0.005235602094240838]
[1834],[476,(28,45),1831,O,191,33,0.005208333333333333]
[1835],[477,(27,45),1834,N,192,32,0.0051813471502590676]
[1838],[478,(26,45),1835,N,193,31,0.005154639175257732]
[1844],[481,(26,44),1838,O,194,30,0.005128205128205128]
[1845],[482,(25,44),1844,N,195,29,0.00510204081632653]
[1847],[485,(24,44),1845,N,196,28,0.005076142131979695]
[1851],[487,(24,43),1847,O,197,27,0.005050505050505051]
[1854],[488,(24,42),1851,O,198,26,0.005025125628140704]
[1856],[491,(25,42),1854,S,199,27,0.005]
[1864],[493,(25,41),1856,O,200,26,0.004975124378109453]
[1866],[497,(25,40),1864,O,201,25,0.0049504950495049506]
[1869],[500,(25,39),1866,O,202,24,0.0049261083743842365]
[1870],[504,(24,39),1869,N,203,23,0.004901960784313725]
[1873],[505,(23,39),1870,N,204,22,0.004878048780487805]
[1876],[506,(23,38),1873,O,205,21,0.0048543689320388345]
[1877],[507,(22,38),1876,N,206,20,0.004830917874396135]
[1882],[509,(22,37),1877,O,207,19,0.004807692307692308]
[1900],[511,(23,37),1882,S,208,20,0.004784688995215311]
[1907],[512,(23,36),1900,O,209,19,0.004761904761904762]
[1909],[513,(23,35),1907,O,210,18,0.004739336492890996]
[1911],[516,(23,34),1909,O,211,17,0.0047169811320754715]
[1913],[519,(23,33),1911,O,212,16,0.004694835680751174]
[1916],[522,(24,33),1913,S,213,17,0.004672897196261682]
[1920],[526,(24,32),1916,O,214,16,0.004651162790697674]
[1921],[529,(23,32),1920,N,215,15,0.004629629629629629]
[1924],[532,(23,31),1921,O,216,14,0.004608294930875576]
[1926],[533,(24,31),1924,S,217,15,0.0045871559633027525]
[1928],[535,(24,30),1926,O,218,14,0.0045662100456621]
[1931],[537,(25,30),1928,S,219,15,0.004545454545454545]
[1969],[540,(25,29),1931,O,220,14,0.004524886877828055]
[1971],[543,(26,29),1969,S,221,15,0.0045045045045045045]
[1974],[545,(26,28),1971,O,222,14,0.004484304932735426]
[1975],[548,(25,28),1974,N,223,13,0.004464285714285714]
[1978],[550,(25,27),1975,O,224,12,0.0044444444444444444]
[1980],[553,(26,27),1978,S,225,13,0.004424778761061947]
[1982],[554,(26,26),1980,O,226,12,0.004405286343612335]
[1984],[555,(26,25),1982,O,227,11,0.0043859649122807015]
[1987],[556,(26,24),1984,O,228,10,0.004366812227074236]
[2002],[558,(27,24),1987,S,229,11,0.004347826086956522]
[2006],[562,(28,24),2002,S,230,12,0.004329004329004329]
[2008],[563,(28,23),2006,O,231,11,0.004310344827586207]
[2011],[567,(28,22),2008,O,232,10,0.004291845493562232]
[2015],[568,(28,21),2011,O,233,9,0.004273504273504274]
[2016],[571,(27,21),2015,N,234,8,0.00425531914893617]
[2019],[573,(26,21),2016,N,235,7,0.00423728813559322]
[2022],[574,(26,22),2019,E,236,8,0.004219409282700422]
[2040],[575,(25,22),2022,N,237,7,0.004201680672268907]
[2042],[578,(24,22),2040,N,238,6,0.0041841004184100415]
[2044],[579,(24,23),2042,E,239,7,0.004166666666666667]
[2046],[580,(23,23),2044,N,240,6,0.004149377593360996]
[2049],[582,(22,23),2046,N,241,5,0.004132231404958678]
[2053],[583,(22,24),2049,E,242,6,0.00411522633744856]
[2055],[584,(21,24),2053,N,243,5,0.004098360655737705]
[2058],[587,(21,23),2055,O,244,4,0.004081632653061225]
[2059],[591,(20,23),2058,N,245,3,0.0040650406504065045]
[2061],[595,(19,23),2059,N,246,4,0.004048582995951417]
[2065],[597,(19,24),2061,E,247,5,0.004032258064516129]
[2068],[598,(18,24),2065,N,248,6,0.004016064257028112]
[2071],[601,(17,24),2068,N,249,7,0.004]
[2073],[604,(16,24),2071,N,250,8,0.00398406374501992]
[2077],[608,(16,23),2073,O,251,7,0.003968253968253968]
[2079],[612,(17,23),2077,S,252,6,0.003952569169960474]
[2081],[616,(17,22),2079,O,253,5,0.003937007874015748]
[2084],[617,(18,22),2081,S,254,4,0.00392156862745098]
[2105],[619,(19,22),2084,S,255,3,0.00390625]
[2107],[620,(19,21),2105,O,256,2,0.0038910505836575876]
[2109],[624,(20,21),2107,S,257,1,0.003875968992248062]
[2111],[625,(20,20),2109,O,258,0,0.003861003861003861]
