[id][cost,state,father_id,action,depth,h,value]
[0],[0,(0,0),None,None,0,18,0]
[1],[2,(1,0),0,S,1,17,1]
[3],[6,(1,1),1,E,2,16,2]
[5],[9,(0,1),3,N,3,17,3]
[9],[10,(0,2),5,E,4,16,4]
[12],[13,(0,3),9,E,5,15,5]
[14],[15,(1,3),12,S,6,14,6]
[18],[18,(2,3),14,S,7,13,7]
[25],[21,(2,2),18,O,8,14,8]
[29],[23,(3,2),25,S,9,13,9]
[37],[27,(3,1),29,O,10,14,10]
[42],[29,(4,1),37,S,11,13,11]
[46],[32,(4,2),42,E,12,12,12]
[51],[33,(5,2),46,S,13,11,13]
[63],[37,(5,3),51,E,14,10,14]
[71],[41,(6,3),63,S,15,9,15]
[84],[42,(6,4),71,E,16,8,16]
[93],[46,(7,4),84,S,17,7,17]
[107],[48,(7,5),93,E,18,6,18]
[121],[50,(8,5),107,S,19,5,19]
[135],[51,(9,5),121,S,20,4,20]
[151],[53,(9,6),135,E,21,3,21]
[159],[57,(9,7),151,E,22,2,22]
[168],[61,(9,8),159,E,23,1,23]
[174],[64,(8,8),168,N,24,2,24]
[177],[65,(8,9),174,E,25,1,25]
[182],[68,(9,9),177,S,26,0,26]
