[id][cost,state,father_id,action,depth,h,value]
[0],[0,(0,0),None,None,0,90,90]
[2],[4,(1,0),0,S,1,89,93]
[5],[5,(1,1),2,E,2,88,93]
[6],[6,(1,2),5,E,3,87,93]
[8],[7,(1,3),6,E,4,86,93]
[11],[8,(2,3),8,S,5,85,93]
[14],[9,(2,4),11,E,6,84,93]
[16],[11,(2,5),14,E,7,83,94]
[21],[12,(3,5),16,S,8,82,94]
[24],[16,(3,6),21,E,9,81,97]
[31],[20,(2,6),24,N,10,82,102]
[38],[23,(1,6),31,N,11,83,106]
[53],[26,(1,7),38,E,12,82,108]
[68],[29,(2,7),53,S,13,81,110]
[78],[30,(2,8),68,E,14,80,110]
[79],[33,(3,8),78,S,15,79,112]
[94],[37,(3,7),79,O,16,80,117]
[113],[38,(4,7),94,S,17,79,117]
[115],[40,(5,7),113,S,18,78,118]
[117],[42,(6,7),115,S,19,77,119]
[122],[45,(6,8),117,E,20,76,121]
[135],[46,(6,9),122,E,21,75,121]
[137],[48,(7,9),135,S,22,74,122]
[141],[50,(7,8),137,O,23,75,125]
[152],[52,(8,8),141,S,24,74,126]
[154],[55,(9,8),152,S,25,73,128]
[157],[59,(9,9),154,E,26,72,131]
[164],[61,(9,10),157,E,27,71,132]
[170],[65,(10,10),164,S,28,70,135]
[175],[66,(10,11),170,E,29,69,135]
[177],[67,(11,11),175,S,30,68,135]
[180],[69,(12,11),177,S,31,67,136]
[186],[72,(12,12),180,E,32,66,138]
[193],[73,(11,12),186,N,33,67,140]
[205],[77,(11,13),193,E,34,66,143]
[216],[78,(12,13),205,S,35,65,143]
[219],[80,(12,14),216,E,36,64,144]
[224],[84,(13,14),219,S,37,63,147]
[238],[86,(14,14),224,S,38,62,148]
[244],[87,(15,14),238,S,39,61,148]
[246],[89,(15,13),244,O,40,62,151]
[281],[91,(16,13),246,S,41,61,152]
[288],[92,(16,14),281,E,42,60,152]
[290],[95,(16,15),288,E,43,59,154]
[310],[98,(17,15),290,S,44,58,156]
[337],[102,(18,15),310,S,45,57,159]
[370],[106,(18,16),337,E,46,56,162]
[391],[108,(19,16),370,S,47,55,163]
[402],[111,(20,16),391,S,48,54,165]
[413],[114,(21,16),402,S,49,53,167]
[424],[115,(21,15),413,O,50,54,169]
[430],[117,(22,15),424,S,51,53,170]
[442],[119,(22,16),430,E,52,52,171]
[446],[121,(23,16),442,S,53,51,172]
[459],[124,(23,17),446,E,54,50,174]
[476],[126,(24,17),459,S,55,49,175]
[494],[130,(24,18),476,E,56,48,178]
[529],[131,(23,18),494,N,57,49,180]
[552],[134,(22,18),529,N,58,50,184]
[595],[135,(22,19),552,E,59,49,184]
[599],[137,(22,20),595,E,60,48,185]
[614],[138,(21,20),599,N,61,49,187]
[633],[141,(21,21),614,E,62,48,189]
[673],[143,(21,22),633,E,63,47,190]
[685],[147,(22,22),673,S,64,46,193]
[724],[148,(22,23),685,E,65,45,193]
[727],[149,(22,24),724,E,66,44,193]
[729],[151,(22,25),727,E,67,43,194]
[750],[154,(21,25),729,N,68,44,198]
[822],[155,(21,26),750,E,69,43,198]
[824],[157,(22,26),822,S,70,42,199]
[833],[158,(22,27),824,E,71,41,199]
[834],[160,(21,27),833,N,72,42,202]
[885],[164,(21,28),834,E,73,41,205]
[930],[168,(21,29),885,E,74,40,208]
[977],[170,(20,29),930,N,75,41,211]
[1041],[172,(19,29),977,N,76,42,214]
[1090],[175,(18,29),1041,N,77,43,218]
[1142],[178,(18,30),1090,E,78,42,220]
[1162],[180,(17,30),1142,N,79,43,223]
[1206],[183,(17,29),1162,O,80,44,227]
[1245],[185,(17,28),1206,O,81,45,230]
[1269],[187,(18,28),1245,S,82,44,231]
[1282],[190,(18,27),1269,O,83,45,235]
[1311],[193,(18,26),1282,O,84,46,239]
[1352],[195,(18,25),1311,O,85,47,242]
[1369],[198,(17,25),1352,N,86,48,246]
[1396],[201,(16,25),1369,N,87,49,250]
[1440],[203,(15,25),1396,N,88,50,253]
[1474],[206,(15,26),1440,E,89,49,255]
[1521],[207,(15,27),1474,E,90,48,255]
[1524],[210,(15,28),1521,E,91,47,257]
[1552],[211,(15,29),1524,E,92,46,257]
[1555],[214,(15,30),1552,E,93,45,259]
[1575],[216,(15,31),1555,E,94,44,260]
[1585],[220,(15,32),1575,E,95,43,263]
[1626],[222,(15,33),1585,E,96,42,264]
[1640],[226,(16,33),1626,S,97,41,267]
[1679],[230,(16,34),1640,E,98,40,270]
[1706],[234,(16,35),1679,E,99,39,273]
[1747],[238,(16,36),1706,E,100,38,276]
[1796],[241,(15,36),1747,N,101,39,280]
[1849],[245,(15,37),1796,E,102,38,283]
[1871],[249,(16,37),1849,S,103,37,286]
[1890],[251,(17,37),1871,S,104,36,287]
[1894],[253,(17,38),1890,E,105,35,288]
[1900],[255,(18,38),1894,S,106,34,289]
[1903],[258,(18,39),1900,E,107,33,291]
[1912],[262,(17,39),1903,N,108,34,296]
[1938],[264,(17,40),1912,E,109,33,297]
[1941],[267,(18,40),1938,S,110,32,299]
[1959],[270,(18,41),1941,E,111,31,301]
[1970],[274,(18,42),1959,E,112,30,304]
[1987],[276,(18,43),1970,E,113,29,305]
[1990],[277,(19,43),1987,S,114,28,305]
[1995],[280,(20,43),1990,S,115,27,307]
[2003],[281,(21,43),1995,S,116,26,307]
[2007],[285,(21,42),2003,O,117,27,312]
[2059],[288,(21,41),2007,O,118,28,316]
[2077],[289,(22,41),2059,S,119,27,316]
[2079],[290,(22,42),2077,E,120,26,316]
[2081],[294,(23,42),2079,S,121,25,319]
[2093],[296,(24,42),2081,S,122,24,320]
[2097],[300,(24,43),2093,E,123,23,323]
[2111],[304,(24,44),2097,E,124,22,326]
[2129],[305,(25,44),2111,S,125,21,326]
[2133],[306,(26,44),2129,S,126,20,326]
[2135],[308,(26,43),2133,O,127,21,329]
[2156],[311,(27,43),2135,S,128,20,331]
[2168],[313,(27,44),2156,E,129,19,332]
[2173],[315,(28,44),2168,S,130,18,333]
[2180],[317,(29,44),2173,S,131,17,334]
[2189],[320,(29,43),2180,O,132,18,338]
[2198],[323,(29,42),2189,O,133,19,342]
[2207],[327,(30,42),2198,S,134,18,345]
[2220],[328,(31,42),2207,S,135,17,345]
[2223],[331,(31,41),2220,O,136,18,349]
[2240],[334,(32,41),2223,S,137,17,351]
[2253],[335,(32,40),2240,O,138,18,353]
[2267],[339,(33,40),2253,S,139,17,356]
[2279],[340,(33,41),2267,E,140,16,356]
[2282],[342,(34,41),2279,S,141,15,357]
[2299],[346,(34,42),2282,E,142,14,360]
[2321],[347,(34,43),2299,E,143,13,360]
[2324],[348,(33,43),2321,N,144,14,362]
[2343],[351,(32,43),2324,N,145,15,366]
[2371],[352,(31,43),2343,N,146,16,368]
[2390],[353,(31,44),2371,E,147,15,368]
[2392],[354,(32,44),2390,S,148,14,368]
[2396],[355,(32,45),2392,E,149,13,368]
[2397],[357,(33,45),2396,S,150,12,369]
[2412],[359,(34,45),2397,S,151,11,370]
[2419],[360,(34,46),2412,E,152,10,370]
[2421],[363,(35,46),2419,S,153,9,372]
[2442],[366,(35,47),2421,E,154,8,374]
[2469],[370,(35,48),2442,E,155,7,377]
[2507],[373,(35,49),2469,E,156,6,379]
[2546],[376,(36,49),2507,S,157,5,381]
[2578],[378,(36,50),2546,E,158,4,382]
[2612],[381,(37,50),2578,S,159,3,384]
[2639],[383,(38,50),2612,S,160,2,385]
[2664],[386,(38,51),2639,E,161,3,389]
[2737],[387,(38,52),2664,E,162,4,391]
[2785],[391,(39,52),2737,S,163,3,394]
[2839],[394,(40,52),2785,S,164,2,396]
[2849],[398,(40,51),2839,O,165,1,399]
[2884],[399,(40,50),2849,O,166,0,399]
